211

8220 G. Groen 666 Ρ616616666..11616666 1. 1. 16. Κ. 1. st.
Gen. 1849-1885. 166616 661. 16661, J. Miller.
1851. 8.

8221 11666661 6666166 66 1666166661166 666 66666666166
66616661 161 66666666 666 16661661. Η666, 16616-
drukkerij. 1852. 8.

8222 1666166166 commissio tot 661666 6666116666616116616·
666666. Η666,Ι6661616611661]. 1853. 8.Ι

8223 1666166 166 616616666616616 . . .. 6666... . 6161661 666
politio-wat. Η666,1661616611661]’. 1853. Gr. 8.

8224 0166616166 6. 1. Minister 6. justitie... 66 6161611616
16161166 1616616616 161 6611116-666666 6666 1853-55.
361. Η666. 4. “

8225 11666661 666 166 inspectent 166 666666661666 1611616616

61661666661166616, 661666 16 1857 6111616666661666 ,

6611616166 6661611166. Η666. 1857. 8.
8226 8161161166116661661 66661611661666111166116166166166.

26616 16666666. 1111666. 16661611666116666166166.
Η666, 666 11661166 66 111666166. 1857. (16.8.

8227166166 a. 1. 166166... 6666 166 6661666166 666166·

6616661 op.. . 1611666166 11666616. Η666, 666 11661166
66 111666166. 1858. 4.

8228 11666661 6666 16 66616166166 666 166 66166666 666
1161166166 naar 666, 666. Η666, 666 11661166 66
111666166. 1858. 4.

8229 11666161 666 166 minister van justitie 666 Ρ. W.
Alstorphius 1166661161, 666. 1661666 166 661666 op·
6666166666 6661661611661. 6666666616666, 666. Η666,
1858. 8.

8230 1666166 6. 1. 66161616661166661. 66166 6666 6666166-
binding van 16661. met 16 16661666, 666. Η666,
666 11661166 66 11666166, 1859. 4.

8231 1666166 6. 1. 1166166 . .. 6661666116 16666661166166
6166666 166661661616611, 666. Η666, 666 11661166

Ι 66 111666166. 1860. 4.

8232 11666661 166 16666616666 6. 1. 6616661661 6666 666·

3 leiding 66666 16661111166666211166611881. 26161166.

³ Η666, 666 11661166 66 111666166. 1861. 4.

1
1
A

 

