8

5715 0166666166 16 11]·66 van brand. 066., 1. H. 666
wijk. 1767. ’4. ’

5716 0166666666 op 66116666 66 1166663616. 066., J. H.
666 Wijk. 1769. 4.

5717 01666666116, 6666166 666 16661 61611 16 1666 van brand

. 661 1165166161113616166. 066., J. H. 666 Wijk. 1770. 4.

5718 0166666666 161 161616 1616116ηᾶ636 dor„ 61166166 666.

- 6661772. 066., J. H. van Wfflz. 4. .

5719 0166666666 op 66 6661661166 666. 666 1774. 066.,

. 1. 0666171111. 4.

5720 0631616661 en orders 6661 1161 3616111666 666 06666161.
066, 1. 66 Lange. 1777. 8.

· 5721 01666666116 6661 66 kruyers 66661 1166. 066., 1. H.
666 711111. 1778. 4.

5722 1661166116 6661 6636666166666661661616. 066., J. H.
616 Wijk. 1778. 4.

5723 Ι661166116 6661 66 366661666666616616166661778. HS.

5724 0611166116 6663661,66 hier 16666616 3166616666 166]1”
van 1779. 066., J. H. 666 wijk.. 4.

5725 0166666666 op 1161 1666166166 66 11616166 666 1161
1166113616 666 1786. 066., J. 66 1166364.

5726 0166666611οῂ 16 11]66 666 111666. 066, 11611. 1789. 4.

5727 Ρ6111661166 6661116166111663616 666 1792-98. 4.

5728 0166666666 op 1161 16616666 661 116616, 666161- 66
61666661666 1116666 6666 stad. 066. J. 11. 8111-
616361. 1793. 4.

5729 01666666116 op 16116616666 661 molens. 066, 1. Η.
66116636.1796.4.1

5730 1166666116 66 ampliatio van 66 36661616 61666666116 1
6661 66 666366 66 16116161666 op 6666 6666611116
0666616111166666. 066, 1. N. 8111616361. 1793. 4.

5731 716161666666136166166 666 6611666666, 61666666666,

. 666. van 916166-(16661661, 3166111616 0661116661 66 6166 ,
06666161 van 1795-1810. HS. ·

5732 0631616661 op 1161 11]·666 van 66 6661666366 van 06666161
op Almelo. 066, 1. H. 66 Lange. 17964

5733 0166666666 op 1161 6663666661 van 06666161 op Har·
66161111 066., 1. Η. 66 Lange. 1799. 4.

 

