9

5554 5555555 55 5 55555555 van 1301. nov„
J. Η. 55 Lange. 4.

5735 0555555565 5555 55 5551555555 555 1810. Dev.²
J. 1155115535 4.

5736 7555511151 5. 1135555555 555555555 5555555551 de
beurtsehepen 555 navanter op Η555155ι, 555. nom„
J. Η. 55 Lange„ 1819. 4.

5737 Postwagen 15555555 45151555. 55 navanter. 45151,
8155555555τῇ. 1820. 4.

5738 Raglmont op 55 15555153 515555 55 5155 05555155
en 5555555515τὶ5ᾶίοῇ5. 1155.,1. 55 Lange. 1823. 8.

573985515555155 555 5155 05555155. Volgens schriftelijk ι

55815155, 28 51555, 1555555 555 1837 1511850. 8.
5740 11555 5515555555 551 35555115 555 555555555555115555.
nemmem& 1848. 8.
5741 waiet 555 55555155 en plmtselijke belasting op godis·
11115555 en 1115555555. 1155, J. (15 Lange. 1850. 8.
5742511555 151 1555555555155 555 551 bev‘olking-register.
1155.,1.5515585. 1851. 8.

5743 (155555155155 555 navanter. 11551 Ι 5551852-60;
5551 11 555 1861-70; 5551 III 5551871-1415575.
Dav.. J. 55 hugo. 8.

-ᾓοεε-

norkoune 251155.

5744 11555555 55555551 55115. 55515. 5551515551555 1155515155
151115555155 5151 magh 15515155 5555551155155 1555555555
5555 555 1151555555 555 5555555155 555555515 5515551.
Anno 1670. 4.

5745 1155155ηῶ15 ontsohuldiging 5555155511553515111515515
515 55555 51551. 55551670. 4.

5746 Remonstrantie 55 55555115 over 55 15555 en 555555-
1155155 555 1155515155 555 51555 1155551155, 5551 name
555 555555555515 geexhibeert 555 55115. 115555-15515.
5553155551 555 solvor 51555 55517051. 1670. 05555155,
155. 0555115115. 1670.

 

