666 '

(ironingem Frieslend; Brenthe.

81990. 0. Wiehere. Verklaring v. h. 00660660 6. 0. 06066016
060 6060 0606010860 660 0611016660 0006600. 2010.
0106010860, 11106006. 1794. 8.

8200 H. A. Wijnne. Hendel en 600010061108 660 6060 60
provincie Groningen, 86660160060018 0666066600. (1060,
J. B. Wolters. 1800. 8. “

8201 1606 6660 06 6606666660060606660601086-

060616010 06 provincie Groningen. Η6601.,Κο6660060.
1801. 8.

8202 J. H. Philipse. 06066660108... bij gelegenheid der
1001101086. h. eeedemiegebouw 06 0606010860. 8.

8203 Η. O. 06100. 060 00000680 060 0006160060, 600.
0060, 860610606. 1857. 8. Hierbij de 06660616 660
· 0. 610 06 06060· 60 0600600606.

8204 060186 0006006006060 0600606006 0600616 06 0611606
60 zijne bewonere. (Overdr. uit 06 Bijdregen 060 06
86660160. 60 60006100. 1006006006ὶο 660 0106010860.

8205 A. Winkler Prius. 066601606016 60 0666000008 660
060 611600 860160060010668. 00060, 060060 60 0606060.
1867. 018.

8206 00166606 66006060. 010661010860 660 060006600186
6660060860 660 0606066060 60 06060, 86660060 10
606016660, 060060, 066066160, 060060 , 600. 660 001661600.

(1110868. 0660 060 0016660 0160660660.) 0666060060,
Η. 11616606. 1870. 061.

8207 W. B. S. Boelee. 0016616006 066866606616006001106·
Athenaeum 06 00606060. 1110868. 0660 060 0016660
(1606606060. 0666060060, Η. Kuipere. 1878, 8.
(Zie 06 60668606 060060 6. 0. 0016660 0160660660.
10. 4071-4009.

8208 06600180 660 060 06660600, 6006608 60 060600108 660
0606060160, 0601011600660 60 06 06060660060061108 060
6060 0660060060 10 1813. 8.

8209 060060060 060 866601606016 660 060 8100Αο006ογ060·
0616 06 0666060060 610 06 1506 60 (ide 6660. 066006

6668060 06060 601600108 0660 06 oerepronkelijke 06·
’ 14

 

